      aarmadas  abaastecimiento  abad  abancay  ...  únicamente  único  útil  ünica
0          0.0              0.0   0.0      0.0  ...         0.0    0.0   0.0    0.0
1          0.0              0.0   0.0      0.0  ...         0.0    0.0   0.0    0.0
2          0.0              0.0   0.0      0.0  ...         0.0    0.0   0.0    0.0
3          0.0              0.0   0.0      0.0  ...         0.0    0.0   0.0    0.0
4          0.0              0.0   0.0      0.0  ...         0.0    0.0   0.0    0.0
...        ...              ...   ...      ...  ...         ...    ...   ...    ...
3251       0.0              0.0   0.0      0.0  ...         0.0    0.0   0.0    0.0
3252       0.0              0.0   0.0      0.0  ...         0.0    0.0   0.0    0.0
3253       0.0              0.0   0.0      0.0  ...         0.0    0.0   0.0    0.0
3254       0.0              0.0   0.0      0.0  ...         0.0    0.0   0.0    0.0
3255       0.0              0.0   0.0      0.0  ...         0.0    0.0   0.0    0.0

[3256 rows x 7501 columns]
